1002221642
1003591415
1009968998
1010439559
1010519408
1010677703
1010832669
1011605505
1015044648
1015115034
1015975183
1016072070
1016177480
1016248660
1016262004
1016354237
1016421330
1016539842
1016599038
1016683935
1016772298
1016832154
1016841272
1016842123
1016848023
1016850538
1017005923
1017022443
1017132463
1017140969
1017145902
1017146881
1017149045
1017154707
1017154976
1017157891
1017158439
1017160942
1017161542
1017161687
1017161691
1017163089
1017165424
1017171066
1017171387
1017346239
1017347342
1017348196
1017348954
1017349355
1017349380
1017351252
1017353628
1017353752
1017354598
1017354742
1017407182
1017434681
1017437948
1017464555
1017503329
1017535553
1017595414
1017619029
1017660183
1017665077
1017707296
1017709773
1017777540
1017777575
1017782607
1018169399
1018171528
1018202583
1018323918
1018340407
1018357188
1018395501
1018452361
1018528021
1018613576
1018749383
1018751485
1018791222
1018795966
1018835811
1018842175
1018842184
1018845318
1019010785
1019048536
1019168411
1019213054
1019313782
1019313789
1019347918
1019422101
1019423135
1019423145
1019505621
1019510606
1019517131
1019747417
1019775161
1020000520
1020001532
1020029252
1020044889
1020049991
1020049998
1020207994
1020214488
1020245751
1020257074
1020295087
1020439406
1020548420
1020865057
1020866089
1020866574
1020964182
1021045943
1021097236
1021143900
1021143908
1021146439
1021149715
1021150316
1021156438
1021173056
1021184950
1021340689
1021347172
1021377004
1021379861
1021622917
1021635604
1021752622
1021753865